 $DATA  
                                                                                
C1       0
H           1.0      0.0000000000      0.0000000000      0.3704240745
   N311    6
   S       1
     1              0.0360000000  1.00000000
   P       1
     1              0.7500000000  1.00000000
        
F           9.0      0.0000000000      0.0000000000     -0.3704240745
   N311    6
   L       1
     1              0.1076000000  1.00000000  1.00000000
        
 $END      
--- CLOSED SHELL ORBITALS --- GENERATED AT Sat Dec  3 22:30:21 2016
                                                                                
E(R-SVWN)=      -99.7612665477, E(NUC)=    6.4285714286,   15 ITERS
 $VEC   
 1  1-7.57235038E-04-3.03843334E-04-4.95948638E-03-7.37032618E-04 0.00000000E+00
 1  2 0.00000000E+00 2.04868476E-03 5.41677790E-01 4.76265049E-01 0.00000000E+00
 1  3 0.00000000E+00 1.29920022E-03 1.80571808E-02 0.00000000E+00 0.00000000E+00
 1  4 1.06594579E-03-8.86681617E-03 0.00000000E+00 0.00000000E+00-3.53551138E-04
 1  5 8.68445171E-03 0.00000000E+00 0.00000000E+00 2.08196547E-03
 2  1 1.64476079E-01 1.22146797E-01-1.29709920E-02 9.81383444E-03 0.00000000E+00
 2  2 0.00000000E+00-4.81151116E-02-1.18218406E-01-1.91865799E-01 0.00000000E+00
 2  3 0.00000000E+00 8.35047598E-02 5.54764998E-01 0.00000000E+00 0.00000000E+00
 2  4 1.08335894E-01 3.30687071E-01 0.00000000E+00 0.00000000E+00 1.56903831E-02
 2  5-3.70236775E-03 0.00000000E+00 0.00000000E+00 2.99652432E-03
 3  1-1.87087341E-01-2.72455892E-01-3.26561066E-03-2.35127769E-03 0.00000000E+00
 3  2 0.00000000E+00 4.57379808E-02-4.73943305E-02-7.81904706E-02 0.00000000E+00
 3  3 0.00000000E+00-2.78775321E-01 2.38262534E-01 0.00000000E+00 0.00000000E+00
 3  4-3.68304171E-01 3.98072615E-01 0.00000000E+00 0.00000000E+00-2.02091427E-01
 3  5 3.88931120E-02 0.00000000E+00 0.00000000E+00-3.71888091E-02
 4  1 0.00000000E+00 0.00000000E+00 0.00000000E+00 0.00000000E+00 5.52659351E-02
 4  2 1.13958595E-02 0.00000000E+00 0.00000000E+00 0.00000000E+00 3.12738233E-01
 4  3 6.44867576E-02 0.00000000E+00 0.00000000E+00 4.39480974E-01 9.06211650E-02
 4  4 0.00000000E+00 0.00000000E+00 3.68447706E-01 7.59740749E-02 0.00000000E+00
 4  5 0.00000000E+00 8.63713829E-02 1.78098162E-02 0.00000000E+00
 5  1 0.00000000E+00 0.00000000E+00 0.00000000E+00 0.00000000E+00-1.13958595E-02
 5  2 5.52659351E-02 0.00000000E+00 0.00000000E+00 0.00000000E+00-6.44867576E-02
 5  3 3.12738233E-01 0.00000000E+00 0.00000000E+00-9.06211650E-02 4.39480974E-01
 5  4 0.00000000E+00 0.00000000E+00-7.59740749E-02 3.68447706E-01 0.00000000E+00
 5  5 0.00000000E+00-1.78098162E-02 8.63713829E-02 0.00000000E+00
 6  1 8.45533918E-04 1.74791974E-01 3.10644671E-01 1.00133869E+00 0.00000000E+00
 6  2 0.00000000E+00 2.52342615E-02 2.57533434E-02 4.37311435E-02 0.00000000E+00
 6  3 0.00000000E+00-5.35160879E-02-1.54655991E-01 0.00000000E+00 0.00000000E+00
 6  4-7.76965668E-02-2.53385619E-01 0.00000000E+00 0.00000000E+00-1.14258342E-01
 6  5-3.43939910E-01 0.00000000E+00 0.00000000E+00-3.72101297E-03
 7  1 4.19334254E-02-7.03285383E-02 4.71161499E+00-1.52865169E+00-0.00000000E+00
 7  2-0.00000000E+00 7.28846904E-02 1.13600000E-02 1.95608554E-02-0.00000000E+00
 7  3-0.00000000E+00-1.19255730E-01-7.23068559E-02-0.00000000E+00-0.00000000E+00
 7  4-1.56082847E-01 3.64179889E-02-0.00000000E+00-0.00000000E+00-1.51522197E-01
 7  5-2.97365646E+00-0.00000000E+00-0.00000000E+00-9.31534487E-01
 8  1 0.00000000E+00 0.00000000E+00 0.00000000E+00 0.00000000E+00-1.70062253E-03
 8  2 1.98219061E-02 0.00000000E+00 0.00000000E+00 0.00000000E+00 1.20402829E-02
 8  3-1.40337643E-01 0.00000000E+00 0.00000000E+00 1.34606218E-02-1.56892653E-01
 8  4 0.00000000E+00 0.00000000E+00 3.91404954E-02-4.56208955E-01 0.00000000E+00
 8  5 0.00000000E+00-1.04464034E-01 1.21759899E+00 0.00000000E+00
 9  1-0.00000000E+00-0.00000000E+00-0.00000000E+00-0.00000000E+00 1.98219061E-02
 9  2 1.70062253E-03-0.00000000E+00-0.00000000E+00-0.00000000E+00-1.40337643E-01
 9  3-1.20402829E-02-0.00000000E+00-0.00000000E+00-1.56892653E-01-1.34606218E-02
 9  4-0.00000000E+00-0.00000000E+00-4.56208955E-01-3.91404954E-02-0.00000000E+00
 9  5-0.00000000E+00 1.21759899E+00 1.04464034E-01-0.00000000E+00
10  1 4.17913185E-02 4.76675659E-02 1.84506416E+00-1.06234023E+00-0.00000000E+00
10  2-0.00000000E+00 4.33706489E-04 3.64221450E-02 6.02437240E-02-0.00000000E+00
10  3-0.00000000E+00 5.38505030E-02-1.76871042E-01-0.00000000E+00-0.00000000E+00
10  4 2.34340486E-02-7.47186364E-01-0.00000000E+00-0.00000000E+00 2.88228556E-01
10  5 2.22592313E-01-0.00000000E+00-0.00000000E+00-1.35507867E+00
11  1-2.90361506E-02-4.71354725E-01-6.60885015E+00-6.63491926E-02 0.00000000E+00
11  2 0.00000000E+00 5.24084005E-04 1.92082938E-02 3.04978829E-02 0.00000000E+00
11  3 0.00000000E+00-3.02580072E-02-5.78648783E-02 0.00000000E+00 0.00000000E+00
11  4-3.41101819E-02-7.77410137E-01 0.00000000E+00 0.00000000E+00-3.24926769E-02
11  5 7.22216554E+00 0.00000000E+00 0.00000000E+00 3.23114973E+00
12  1-1.64099064E-01-3.33144000E+00 5.83743313E+00-1.01732587E+00 0.00000000E+00
12  2 0.00000000E+00 1.32435133E-01-2.48731582E-02-4.26574379E-02 0.00000000E+00
12  3 0.00000000E+00 1.61398414E-01 1.27344817E-01 0.00000000E+00 0.00000000E+00
12  4 3.02826671E-01 1.81180847E+00 0.00000000E+00 0.00000000E+00 1.33943544E+00
12  5-3.60946945E+00 0.00000000E+00 0.00000000E+00-1.58379706E+00
13  1 0.00000000E+00 0.00000000E+00 0.00000000E+00 0.00000000E+00 6.72394180E-02
13  2-2.23959701E-02 0.00000000E+00 0.00000000E+00 0.00000000E+00-2.60818101E-01
13  3 8.68727685E-02 0.00000000E+00 0.00000000E+00-7.55884243E-01 2.51768403E-01
13  4 0.00000000E+00 0.00000000E+00 1.51675399E+00-5.05197367E-01 0.00000000E+00
13  5 0.00000000E+00-7.84773157E-01 2.61390665E-01 0.00000000E+00
14  1 0.00000000E+00 0.00000000E+00 0.00000000E+00 0.00000000E+00 2.23959701E-02
14  2 6.72394180E-02 0.00000000E+00 0.00000000E+00 0.00000000E+00-8.68727685E-02
14  3-2.60818101E-01 0.00000000E+00 0.00000000E+00-2.51768403E-01-7.55884243E-01
14  4 0.00000000E+00 0.00000000E+00 5.05197367E-01 1.51675399E+00 0.00000000E+00
14  5 0.00000000E+00-2.61390665E-01-7.84773157E-01 0.00000000E+00
15  1-1.90432968E-01-2.07771918E+00 3.35187054E+00-2.64040114E-01-0.00000000E+00
15  2-0.00000000E+00 3.54274743E-01-1.45788672E-02-2.53852012E-02-0.00000000E+00
15  3-0.00000000E+00-2.35361361E-01 7.59019247E-02-0.00000000E+00-0.00000000E+00
15  4-6.06638100E-01 1.67248385E+00-0.00000000E+00-0.00000000E+00 2.71667429E+00
15  5-2.71078935E+00-0.00000000E+00-0.00000000E+00-1.99609121E+00
16  1-0.00000000E+00-0.00000000E+00-0.00000000E+00-0.00000000E+00 1.16131690E+00
16  2 1.70125245E-01-0.00000000E+00-0.00000000E+00-0.00000000E+00-8.68433445E-03
16  3-1.27219756E-03-0.00000000E+00-0.00000000E+00-3.19245175E-02-4.67673065E-03
16  4-0.00000000E+00-0.00000000E+00-7.51919521E-01-1.10151237E-01-0.00000000E+00
16  5-0.00000000E+00 1.44229316E-01 2.11286408E-02-0.00000000E+00
17  1 0.00000000E+00 0.00000000E+00 0.00000000E+00 0.00000000E+00-1.70125245E-01
17  2 1.16131690E+00 0.00000000E+00 0.00000000E+00 0.00000000E+00 1.27219756E-03
17  3-8.68433445E-03 0.00000000E+00 0.00000000E+00 4.67673065E-03-3.19245175E-02
17  4 0.00000000E+00 0.00000000E+00 1.10151237E-01-7.51919521E-01 0.00000000E+00
17  5 0.00000000E+00-2.11286408E-02 1.44229316E-01 0.00000000E+00
18  1-9.60757415E-02-2.19106107E+00 3.09869387E+00 1.67114796E-01-0.00000000E+00
18  2-0.00000000E+00 6.45538417E-01 1.13611109E-01 2.23381093E-01-0.00000000E+00
18  3-0.00000000E+00-2.14960411E-03-1.66215771E+00-0.00000000E+00-0.00000000E+00
18  4 2.65651217E-01 4.55576787E+00-0.00000000E+00-0.00000000E+00 1.09955001E+00
18  5-4.20484421E+00-0.00000000E+00-0.00000000E+00-1.19565454E+00
19  1-1.43877566E+00 4.26979642E+00-2.37153295E+00 5.52844782E-01 0.00000000E+00
19  2 0.00000000E+00-1.02372973E+00 3.83126672E-03 1.87120538E-02 0.00000000E+00
19  3 0.00000000E+00 1.50131181E-01-3.89836356E-01 0.00000000E+00 0.00000000E+00
19  4-1.76573736E-01-1.81998434E+00 0.00000000E+00 0.00000000E+00-1.11180226E+00
19  5 7.84776453E-01 0.00000000E+00 0.00000000E+00 2.79700104E-01
20  1 7.22632783E-01 2.47680687E+00-6.30102855E-01 1.59892347E-02 0.00000000E+00
20  2 0.00000000E+00-2.17210464E+00 5.66520612E-02 1.21210652E-01 0.00000000E+00
20  3 0.00000000E+00-1.72561039E-01-1.11513298E+00 0.00000000E+00 0.00000000E+00
20  4-9.63951352E-01-2.21669996E+00 0.00000000E+00 0.00000000E+00-1.07351937E+00
20  5 5.72968093E-01 0.00000000E+00 0.00000000E+00 2.71975060E-01
21  1 0.00000000E+00 0.00000000E+00 0.00000000E+00 0.00000000E+00-7.89754937E-03
21  2-4.56642694E-02 0.00000000E+00 0.00000000E+00 0.00000000E+00-2.14132346E-01
21  3-1.23813055E+00 0.00000000E+00 0.00000000E+00 2.56385099E-01 1.48243939E+00
21  4 0.00000000E+00 0.00000000E+00-1.39985655E-01-8.09408385E-01 0.00000000E+00
21  5 0.00000000E+00 5.33670538E-02 3.08572622E-01 0.00000000E+00
22  1-0.00000000E+00-0.00000000E+00-0.00000000E+00-0.00000000E+00-4.56642694E-02
22  2 7.89754937E-03-0.00000000E+00-0.00000000E+00-0.00000000E+00-1.23813055E+00
22  3 2.14132346E-01-0.00000000E+00-0.00000000E+00 1.48243939E+00-2.56385099E-01
22  4-0.00000000E+00-0.00000000E+00-8.09408385E-01 1.39985655E-01-0.00000000E+00
22  5-0.00000000E+00 3.08572622E-01-5.33670538E-02-0.00000000E+00
23  1-5.23488437E-01 9.20634041E-02-7.09722532E-01 1.10283695E-01 0.00000000E+00
23  2 0.00000000E+00 5.45942539E-01-1.53797084E-02-3.05309477E-02 0.00000000E+00
23  3 0.00000000E+00-1.28095613E+00 2.96771336E-01 0.00000000E+00 0.00000000E+00
23  4 1.88813981E+00 2.83572343E-01 0.00000000E+00 0.00000000E+00-8.27995534E-01
23  5 3.84529773E-01 0.00000000E+00 0.00000000E+00 4.81501027E-01
24  1 2.68035073E-02 3.76215515E-02 1.25849428E-01 1.87289283E-02 0.00000000E+00
24  2 0.00000000E+00-7.83329913E-02-2.32752684E+00 2.39825562E+00 0.00000000E+00
24  3 0.00000000E+00 1.26552795E-02-2.43304555E-01 0.00000000E+00 0.00000000E+00
24  4-5.67595569E-02 1.76077637E-01 0.00000000E+00 0.00000000E+00 6.23247126E-03
24  5-2.18521844E-01 0.00000000E+00 0.00000000E+00-5.64967542E-02
 $END   
 POPULATION ANALYSIS
H            0.84011   0.15989   1.12615  -0.12615
F            9.15989  -0.15989   8.87385   0.12615
 MOMENTS AT POINT    1 X,Y,Z=  0.000000  0.000000 -0.629474
 DIPOLE       0.000000  0.000000  1.760133
