 $DATA  
                                                                                
C1       0
H           1.0      0.0000000000      0.0000000000      0.3704240745
   N311    6
   S       1
     1              0.0360000000  1.00000000
   P       1
     1              0.7500000000  1.00000000
        
F           9.0      0.0000000000      0.0000000000     -0.3704240745
   N311    6
   L       1
     1              0.1076000000  1.00000000  1.00000000
        
 $END      
--- CLOSED SHELL ORBITALS --- GENERATED AT Sat Dec  3 22:30:22 2016
                                                                                
E(R-TPSS)=     -100.4138638328, E(NUC)=    6.4285714286,   16 ITERS
 $VEC   
 1  1-2.89419061E-04-9.49514411E-06-2.48716840E-03-3.94190397E-04 0.00000000E+00
 1  2 0.00000000E+00 8.62108931E-04 5.48028917E-01 4.71893786E-01 0.00000000E+00
 1  3 0.00000000E+00 1.50385674E-03 1.11252847E-02 0.00000000E+00 0.00000000E+00
 1  4 1.11892788E-04-4.91554010E-03 0.00000000E+00 0.00000000E+00-8.30173886E-05
 1  5 4.47015763E-03 0.00000000E+00 0.00000000E+00 9.95535079E-04
 2  1 1.65270004E-01 1.10652885E-01-5.47471492E-03 9.80091321E-03 0.00000000E+00
 2  2 0.00000000E+00-4.57095382E-02-1.18631307E-01-1.93139987E-01 0.00000000E+00
 2  3 0.00000000E+00 7.76225619E-02 5.68434533E-01 0.00000000E+00 0.00000000E+00
 2  4 1.02957736E-01 3.35007426E-01 0.00000000E+00 0.00000000E+00 1.54909543E-02
 2  5-1.47436101E-02 0.00000000E+00 0.00000000E+00 2.76580158E-04
 3  1-1.95621701E-01-2.75936881E-01-2.18372588E-03-1.98445178E-03 0.00000000E+00
 3  2 0.00000000E+00 4.71983022E-02-4.60477337E-02-7.63765384E-02 0.00000000E+00
 3  3 0.00000000E+00-2.75352533E-01 2.38465284E-01 0.00000000E+00 0.00000000E+00
 3  4-3.72142262E-01 3.93730036E-01 0.00000000E+00 0.00000000E+00-1.98656807E-01
 3  5 3.18083129E-02 0.00000000E+00 0.00000000E+00-3.51182613E-02
 4  1 0.00000000E+00 0.00000000E+00 0.00000000E+00 0.00000000E+00 1.63844790E-08
 4  2 5.45798697E-02 0.00000000E+00 0.00000000E+00 0.00000000E+00 9.50507346E-08
 4  3 3.16632392E-01 0.00000000E+00 0.00000000E+00 1.36619695E-07 4.55106644E-01
 4  4 0.00000000E+00 0.00000000E+00 1.12497502E-07 3.74750952E-01 0.00000000E+00
 4  5 0.00000000E+00 2.52585962E-08 8.41412704E-02 0.00000000E+00
 5  1 0.00000000E+00 0.00000000E+00 0.00000000E+00 0.00000000E+00 5.45798704E-02
 5  2-1.63844785E-08 0.00000000E+00 0.00000000E+00 0.00000000E+00 3.16632392E-01
 5  3-9.50507343E-08 0.00000000E+00 0.00000000E+00 4.55106645E-01-1.36619695E-07
 5  4 0.00000000E+00 0.00000000E+00 3.74750949E-01-1.12497502E-07 0.00000000E+00
 5  5 0.00000000E+00 8.41412742E-02-2.52585951E-08 0.00000000E+00
 6  1 8.17205034E-04 1.46875945E-01 2.95162002E-01 1.05378237E+00 0.00000000E+00
 6  2 0.00000000E+00 2.20947791E-02 2.33408468E-02 3.96689926E-02 0.00000000E+00
 6  3 0.00000000E+00-4.83885518E-02-1.42878885E-01 0.00000000E+00 0.00000000E+00
 6  4-7.08322147E-02-2.14921505E-01 0.00000000E+00 0.00000000E+00-1.04141332E-01
 6  5-3.96659363E-01 0.00000000E+00 0.00000000E+00-1.54714140E-02
 7  1 4.12317001E-02-1.36336023E-01 4.91603742E+00-1.50224528E+00-0.00000000E+00
 7  2-0.00000000E+00 7.31061857E-02 1.05768175E-02 1.82951135E-02-0.00000000E+00
 7  3-0.00000000E+00-1.14774209E-01-7.14163644E-02-0.00000000E+00-0.00000000E+00
 7  4-1.48040699E-01 9.24427765E-02-0.00000000E+00-0.00000000E+00-1.41351153E-01
 7  5-3.17160783E+00-0.00000000E+00-0.00000000E+00-9.82933701E-01
 8  1-0.00000000E+00-0.00000000E+00-0.00000000E+00-0.00000000E+00 2.62208630E-09
 8  2 2.02169227E-02-0.00000000E+00-0.00000000E+00-0.00000000E+00-1.75410835E-08
 8  3-1.35246007E-01-0.00000000E+00-0.00000000E+00-1.87834505E-08-1.44824961E-01
 8  4-0.00000000E+00-0.00000000E+00-6.20287257E-08-4.78256522E-01-0.00000000E+00
 8  5-0.00000000E+00 1.60006779E-07 1.23369108E+00-0.00000000E+00
 9  1 0.00000000E+00 0.00000000E+00 0.00000000E+00 0.00000000E+00 2.02169211E-02
 9  2-2.62208621E-09 0.00000000E+00 0.00000000E+00 0.00000000E+00-1.35246008E-01
 9  3 1.75410831E-08 0.00000000E+00 0.00000000E+00-1.44824965E-01 1.87834509E-08
 9  4 0.00000000E+00 0.00000000E+00-4.78256517E-01 6.20287252E-08 0.00000000E+00
 9  5 0.00000000E+00 1.23369108E+00-1.60006778E-07 0.00000000E+00
10  1 4.31444086E-02 4.31233245E-02 2.26510722E+00-1.07447016E+00 0.00000000E+00
10  2 0.00000000E+00 3.33048417E-03 3.45680779E-02 5.71924134E-02 0.00000000E+00
10  3 0.00000000E+00 4.92037839E-02-1.69892347E-01 0.00000000E+00 0.00000000E+00
10  4 1.33066742E-02-6.99411829E-01 0.00000000E+00 0.00000000E+00 3.09789542E-01
10  5-1.82053336E-01 0.00000000E+00 0.00000000E+00-1.53330460E+00
11  1-2.08983499E-02-3.94310047E-01-6.56735652E+00-1.03656184E-01 0.00000000E+00
11  2 0.00000000E+00-4.18937418E-03 2.08612411E-02 3.31044697E-02 0.00000000E+00
11  3 0.00000000E+00-3.06607324E-02-6.32934389E-02 0.00000000E+00 0.00000000E+00
11  4-3.52194349E-02-8.67261751E-01 0.00000000E+00 0.00000000E+00-7.34415377E-02
11  5 7.26316582E+00 0.00000000E+00 0.00000000E+00 3.19935389E+00
12  1-1.65818130E-01-3.34670911E+00 5.61962529E+00-9.90220197E-01 0.00000000E+00
12  2 0.00000000E+00 1.31909808E-01-2.52652864E-02-4.33670556E-02 0.00000000E+00
12  3 0.00000000E+00 1.62420481E-01 1.34193365E-01 0.00000000E+00 0.00000000E+00
12  4 3.06204811E-01 1.80338303E+00 0.00000000E+00 0.00000000E+00 1.35854291E+00
12  5-3.42571005E+00 0.00000000E+00 0.00000000E+00-1.51710319E+00
13  1 0.00000000E+00 0.00000000E+00 0.00000000E+00 0.00000000E+00 4.08123512E-09
13  2 5.81686696E-02 0.00000000E+00 0.00000000E+00 0.00000000E+00-1.91357462E-08
13  3-2.72736181E-01 0.00000000E+00 0.00000000E+00-5.62632462E-08-8.01903576E-01
13  4 0.00000000E+00 0.00000000E+00 1.12506776E-07 1.60352612E+00 0.00000000E+00
13  5 0.00000000E+00-5.70241947E-08-8.12749149E-01 0.00000000E+00
14  1-0.00000000E+00-0.00000000E+00-0.00000000E+00-0.00000000E+00 5.81686945E-02
14  2-4.08124072E-09-0.00000000E+00-0.00000000E+00-0.00000000E+00-2.72736181E-01
14  3 1.91357459E-08-0.00000000E+00-0.00000000E+00-8.01903575E-01 5.62632464E-08
14  4-0.00000000E+00-0.00000000E+00 1.60352611E+00-1.12506772E-07-0.00000000E+00
14  5-0.00000000E+00-8.12749150E-01 5.70241947E-08-0.00000000E+00
15  1-1.92255831E-01-2.06325698E+00 3.25422883E+00-2.58508568E-01 0.00000000E+00
15  2 0.00000000E+00 3.60549219E-01-1.47451033E-02-2.59771162E-02 0.00000000E+00
15  3 0.00000000E+00-2.34354105E-01 8.59546857E-02 0.00000000E+00 0.00000000E+00
15  4-6.10816544E-01 1.64781787E+00 0.00000000E+00 0.00000000E+00 2.70570028E+00
15  5-2.62147969E+00 0.00000000E+00 0.00000000E+00-1.94449672E+00
16  1-0.00000000E+00-0.00000000E+00-0.00000000E+00-0.00000000E+00 1.50539509E-07
16  2 1.17450166E+00-0.00000000E+00-0.00000000E+00-0.00000000E+00-1.42049067E-09
16  3-1.10825937E-02-0.00000000E+00-0.00000000E+00-5.23339384E-09-4.08306642E-02
16  4-0.00000000E+00-0.00000000E+00-9.49702528E-08-7.40953137E-01-0.00000000E+00
16  5-0.00000000E+00 1.73867549E-08 1.35650592E-01-0.00000000E+00
17  1 0.00000000E+00 0.00000000E+00 0.00000000E+00 0.00000000E+00 1.17450165E+00
17  2-1.50539510E-07 0.00000000E+00 0.00000000E+00 0.00000000E+00-1.10825881E-02
17  3 1.42048948E-09 0.00000000E+00 0.00000000E+00-4.08306480E-02 5.23338978E-09
17  4 0.00000000E+00 0.00000000E+00-7.40953172E-01 9.49702606E-08 0.00000000E+00
17  5 0.00000000E+00 1.35650611E-01-1.73867585E-08 0.00000000E+00
18  1-9.19321460E-02-2.22459435E+00 3.11380571E+00 1.61476446E-01-0.00000000E+00
18  2-0.00000000E+00 6.51308774E-01 1.12326435E-01 2.20577025E-01-0.00000000E+00
18  3-0.00000000E+00-4.17074236E-03-1.65767700E+00-0.00000000E+00-0.00000000E+00
18  4 2.63922442E-01 4.57175012E+00-0.00000000E+00-0.00000000E+00 1.11801729E+00
18  5-4.20140362E+00-0.00000000E+00-0.00000000E+00-1.20011023E+00
19  1-1.43585449E+00 4.26829326E+00-2.35653503E+00 5.52126190E-01 0.00000000E+00
19  2 0.00000000E+00-1.02774684E+00 4.25304118E-03 1.95716531E-02 0.00000000E+00
19  3 0.00000000E+00 1.50992137E-01-3.98727880E-01 0.00000000E+00 0.00000000E+00
19  4-1.77265799E-01-1.81020568E+00 0.00000000E+00 0.00000000E+00-1.10979274E+00
19  5 7.70082664E-01 0.00000000E+00 0.00000000E+00 2.75538533E-01
20  1 7.26189456E-01 2.45346132E+00-6.16304701E-01 1.45310846E-02 0.00000000E+00
20  2 0.00000000E+00-2.16853318E+00 5.61410971E-02 1.19766806E-01 0.00000000E+00
20  3 0.00000000E+00-1.72205267E-01-1.11308392E+00 0.00000000E+00 0.00000000E+00
20  4-9.71355271E-01-2.20236160E+00 0.00000000E+00 0.00000000E+00-1.05590415E+00
20  5 5.63994350E-01 0.00000000E+00 0.00000000E+00 2.64070000E-01
21  1-0.00000000E+00-0.00000000E+00-0.00000000E+00-0.00000000E+00-6.16153717E-08
21  2-4.60914642E-02-0.00000000E+00-0.00000000E+00-0.00000000E+00-1.68205005E-06
21  3-1.25825986E+00-0.00000000E+00-0.00000000E+00 2.00631849E-06 1.50082931E+00
21  4-0.00000000E+00-0.00000000E+00-1.09400318E-06-8.18370588E-01-0.00000000E+00
21  5-0.00000000E+00 4.15721393E-07 3.10980960E-01-0.00000000E+00
22  1-0.00000000E+00-0.00000000E+00-0.00000000E+00-0.00000000E+00-4.60914640E-02
22  2 6.16153727E-08-0.00000000E+00-0.00000000E+00-0.00000000E+00-1.25825986E+00
22  3 1.68205005E-06-0.00000000E+00-0.00000000E+00 1.50082931E+00-2.00631849E-06
22  4-0.00000000E+00-0.00000000E+00-8.18370589E-01 1.09400318E-06-0.00000000E+00
22  5-0.00000000E+00 3.10980961E-01-4.15721393E-07-0.00000000E+00
23  1-5.23083091E-01 9.72747812E-02-7.07127395E-01 1.10252913E-01 0.00000000E+00
23  2 0.00000000E+00 5.41874627E-01-1.52340517E-02-3.00787889E-02 0.00000000E+00
23  3 0.00000000E+00-1.28285237E+00 2.94755372E-01 0.00000000E+00 0.00000000E+00
23  4 1.88316295E+00 2.79842868E-01 0.00000000E+00 0.00000000E+00-8.26977262E-01
23  5 3.82003199E-01 0.00000000E+00 0.00000000E+00 4.78576625E-01
24  1 2.68998333E-02 3.77111415E-02 1.26188966E-01 1.87798848E-02 0.00000000E+00
24  2 0.00000000E+00-7.85783967E-02-2.32615858E+00 2.39950820E+00 0.00000000E+00
24  3 0.00000000E+00 1.26841177E-02-2.44022744E-01 0.00000000E+00 0.00000000E+00
24  4-5.69592717E-02 1.76605458E-01 0.00000000E+00 0.00000000E+00 6.27005472E-03
24  5-2.19113010E-01 0.00000000E+00 0.00000000E+00-5.66510601E-02
 $END   
 POPULATION ANALYSIS
H            0.84631   0.15369   1.12734  -0.12734
F            9.15369  -0.15369   8.87266   0.12734
 MOMENTS AT POINT    1 X,Y,Z=  0.000000  0.000000 -0.629474
 DIPOLE       0.000000  0.000000  1.721491
