 $DATA  
                                                                                
C1       0
H           1.0      0.0000000000      0.0000000000      0.3704240745
   N311    6
   S       1
     1              0.0360000000  1.00000000
   P       1
     1              0.7500000000  1.00000000
        
F           9.0      0.0000000000      0.0000000000     -0.3704240745
   N311    6
   L       1
     1              0.1076000000  1.00000000  1.00000000
        
 $END      
--- CLOSED SHELL ORBITALS --- GENERATED AT Sat Dec  3 22:30:24 2016
                                                                                
E(R-M11)=     -100.3925917395, E(NUC)=    6.4285714286,   18 ITERS
 $VEC   
 1  1-4.20114077E-04-3.51156962E-04-3.64508615E-03-5.56636822E-04 0.00000000E+00
 1  2 0.00000000E+00 1.52656692E-03 5.48943302E-01 4.70268771E-01 0.00000000E+00
 1  3 0.00000000E+00 1.32222684E-03 1.36191546E-02 0.00000000E+00 0.00000000E+00
 1  4 7.31030789E-04-6.19776813E-03 0.00000000E+00 0.00000000E+00-2.01001589E-04
 1  5 6.44454010E-03 0.00000000E+00 0.00000000E+00 1.54339695E-03
 2  1 1.63925844E-01 1.13500855E-01-2.02930656E-02 9.50250678E-03 0.00000000E+00
 2  2 0.00000000E+00-4.26351624E-02-1.19063336E-01-1.88670045E-01 0.00000000E+00
 2  3 0.00000000E+00 7.79427015E-02 5.50336317E-01 0.00000000E+00 0.00000000E+00
 2  4 1.04882040E-01 3.46077560E-01 0.00000000E+00 0.00000000E+00 1.43725044E-02
 2  5 6.03824578E-03 0.00000000E+00 0.00000000E+00 5.78817972E-03
 3  1-1.93535202E-01-2.65550981E-01-6.40722889E-03-2.85521945E-03-0.00000000E+00
 3  2-0.00000000E+00 4.94028315E-02-4.57533846E-02-7.36429317E-02-0.00000000E+00
 3  3-0.00000000E+00-2.81838311E-01 2.26829578E-01-0.00000000E+00-0.00000000E+00
 3  4-3.67279088E-01 3.93696679E-01-0.00000000E+00-0.00000000E+00-2.11425817E-01
 3  5 4.45681612E-02-0.00000000E+00-0.00000000E+00-2.48941852E-02
 4  1 0.00000000E+00 0.00000000E+00 0.00000000E+00 0.00000000E+00 3.88212358E-08
 4  2 5.53850978E-02 0.00000000E+00 0.00000000E+00 0.00000000E+00 2.26126294E-07
 4  3 3.22607629E-01 0.00000000E+00 0.00000000E+00 3.11659823E-07 4.44635762E-01
 4  4 0.00000000E+00 0.00000000E+00 2.72468463E-07 3.88722603E-01 0.00000000E+00
 4  5 0.00000000E+00 5.02124303E-08 7.16366112E-02 0.00000000E+00
 5  1 0.00000000E+00 0.00000000E+00 0.00000000E+00 0.00000000E+00 5.53850978E-02
 5  2-3.88212355E-08 0.00000000E+00 0.00000000E+00 0.00000000E+00 3.22607632E-01
 5  3-2.26126292E-07 0.00000000E+00 0.00000000E+00 4.44635764E-01-3.11659822E-07
 5  4 0.00000000E+00 0.00000000E+00 3.88722621E-01-2.72468451E-07 0.00000000E+00
 5  5 0.00000000E+00 7.16365752E-02-5.02124549E-08 0.00000000E+00
 6  1-5.90363709E-03 6.31406722E-02 6.44410017E-02 1.36832824E+00 0.00000000E+00
 6  2 0.00000000E+00 1.42191711E-02 1.48595790E-02 2.51132645E-02 0.00000000E+00
 6  3 0.00000000E+00-2.61278476E-02-9.88045919E-02 0.00000000E+00 0.00000000E+00
 6  4-3.38527097E-02 6.48549598E-03 0.00000000E+00 0.00000000E+00-5.59316276E-02
 6  5-6.76047794E-01 0.00000000E+00 0.00000000E+00-2.66285659E-02
 7  1 4.24152787E-02-5.27200557E-01 6.21944314E+00-1.44452747E+00-0.00000000E+00
 7  2-0.00000000E+00 8.67640464E-02 1.01685425E-02 1.78201429E-02-0.00000000E+00
 7  3-0.00000000E+00-9.16195458E-02-8.15368268E-02-0.00000000E+00-0.00000000E+00
 7  4-9.84359682E-02 3.76212212E-01-0.00000000E+00-0.00000000E+00 6.19184680E-03
 7  5-4.29137962E+00-0.00000000E+00-0.00000000E+00-1.45583811E+00
 8  1-0.00000000E+00-0.00000000E+00-0.00000000E+00-0.00000000E+00-5.53314200E-11
 8  2 2.04407825E-02-0.00000000E+00-0.00000000E+00-0.00000000E+00 3.35710052E-10
 8  3-1.24019299E-01-0.00000000E+00-0.00000000E+00 2.35392544E-10-8.69596532E-02
 8  4-0.00000000E+00-0.00000000E+00 1.55732920E-09-5.75314368E-01-0.00000000E+00
 8  5-0.00000000E+00-3.46908716E-09 1.28156309E+00-0.00000000E+00
 9  1-0.00000000E+00-0.00000000E+00-0.00000000E+00-0.00000000E+00 2.04407903E-02
 9  2 5.53315640E-11-0.00000000E+00-0.00000000E+00-0.00000000E+00-1.24019287E-01
 9  3-3.35710609E-10-0.00000000E+00-0.00000000E+00-8.69596208E-02-2.35393012E-10
 9  4-0.00000000E+00-0.00000000E+00-5.75314397E-01-1.55732894E-09-0.00000000E+00
 9  5-0.00000000E+00 1.28156311E+00 3.46908717E-09-0.00000000E+00
10  1 2.78683465E-02-4.00645803E-02 4.04376044E+00-8.88440712E-01-0.00000000E+00
10  2-0.00000000E+00 1.65614714E-02 2.70347639E-02 4.35225740E-02-0.00000000E+00
10  3-0.00000000E+00 5.66532765E-02-1.26435865E-01-0.00000000E+00-0.00000000E+00
10  4-5.01276542E-03-3.73820463E-01-0.00000000E+00-0.00000000E+00 4.94365451E-01
10  5-2.19636432E+00-0.00000000E+00-0.00000000E+00-2.41476432E+00
11  1 1.02563601E-02-1.18537670E-01-5.62731471E+00-3.03764190E-01 0.00000000E+00
11  2 0.00000000E+00-2.22127024E-02 3.31055605E-02 5.15148897E-02 0.00000000E+00
11  3 0.00000000E+00-3.27178779E-02-9.75745468E-02 0.00000000E+00 0.00000000E+00
11  4-5.38783422E-02-1.26526387E+00 0.00000000E+00 0.00000000E+00-1.57247162E-01
11  5 6.87504897E+00 0.00000000E+00 0.00000000E+00 2.70826004E+00
12  1-1.31660881E-01-3.43779437E+00 4.53954220E+00-8.46477822E-01 0.00000000E+00
12  2 0.00000000E+00 1.28140299E-01-2.71927002E-02-4.61304930E-02 0.00000000E+00
12  3 0.00000000E+00 1.65194202E-01 1.44830511E-01 0.00000000E+00 0.00000000E+00
12  4 3.05221364E-01 1.80206329E+00 0.00000000E+00 0.00000000E+00 1.40493587E+00
12  5-2.54247827E+00 0.00000000E+00 0.00000000E+00-1.15706264E+00
13  1-0.00000000E+00-0.00000000E+00-0.00000000E+00-0.00000000E+00 3.38966336E-02
13  2-1.68047504E-10-0.00000000E+00-0.00000000E+00-0.00000000E+00-2.82348785E-01
13  3 1.39975908E-09-0.00000000E+00-0.00000000E+00-8.08430959E-01 4.00783851E-09
13  4-0.00000000E+00-0.00000000E+00 1.58598376E+00-7.86259526E-09-0.00000000E+00
13  5-0.00000000E+00-7.42091034E-01 3.67895533E-09-0.00000000E+00
14  1 0.00000000E+00 0.00000000E+00 0.00000000E+00 0.00000000E+00 1.68039398E-10
14  2 3.38966521E-02 0.00000000E+00 0.00000000E+00 0.00000000E+00-1.39975882E-09
14  3-2.82348786E-01 0.00000000E+00 0.00000000E+00-4.00783803E-09-8.08430953E-01
14  4 0.00000000E+00 0.00000000E+00 7.86259922E-09 1.58598376E+00 0.00000000E+00
14  5 0.00000000E+00-3.67895507E-09-7.42091059E-01 0.00000000E+00
15  1-2.08683058E-01-2.07204512E+00 3.03272819E+00-2.27250340E-01-0.00000000E+00
15  2-0.00000000E+00 3.80995505E-01-1.30216886E-02-2.18663545E-02-0.00000000E+00
15  3-0.00000000E+00-2.39357191E-01 5.24937843E-02-0.00000000E+00-0.00000000E+00
15  4-6.08555756E-01 1.73762391E+00-0.00000000E+00-0.00000000E+00 2.68954851E+00
15  5-2.49508050E+00-0.00000000E+00-0.00000000E+00-1.80130925E+00
16  1 0.00000000E+00 0.00000000E+00 0.00000000E+00 0.00000000E+00 2.09279075E-07
16  2 1.17540543E+00 0.00000000E+00 0.00000000E+00 0.00000000E+00-3.05336490E-09
16  3-1.71490619E-02 0.00000000E+00 0.00000000E+00-1.02637255E-08-5.76456732E-02
16  4 0.00000000E+00 0.00000000E+00-1.25675681E-07-7.05851217E-01 0.00000000E+00
16  5 0.00000000E+00 2.06525364E-08 1.15993968E-01 0.00000000E+00
17  1-0.00000000E+00-0.00000000E+00-0.00000000E+00-0.00000000E+00 1.17540543E+00
17  2-2.09279076E-07-0.00000000E+00-0.00000000E+00-0.00000000E+00-1.71490662E-02
17  3 3.05336211E-09-0.00000000E+00-0.00000000E+00-5.76456855E-02 1.02637167E-08
17  4-0.00000000E+00-0.00000000E+00-7.05851188E-01 1.25675699E-07-0.00000000E+00
17  5-0.00000000E+00 1.15993948E-01-2.06525456E-08-0.00000000E+00
18  1-1.08578173E-01-2.14531723E+00 2.88519655E+00 1.62585774E-01-0.00000000E+00
18  2-0.00000000E+00 6.52673693E-01 1.14994946E-01 2.24732096E-01-0.00000000E+00
18  3-0.00000000E+00 7.17747388E-03-1.66327225E+00-0.00000000E+00-0.00000000E+00
18  4 2.83906110E-01 4.48372249E+00-0.00000000E+00-0.00000000E+00 1.05176350E+00
18  5-3.95846082E+00-0.00000000E+00-0.00000000E+00-1.10681574E+00
19  1-1.41679129E+00 4.29041351E+00-2.27611462E+00 5.25800080E-01 0.00000000E+00
19  2 0.00000000E+00-1.09536367E+00 4.32467491E-03 2.05685968E-02 0.00000000E+00
19  3 0.00000000E+00 1.45402305E-01-4.12440450E-01 0.00000000E+00 0.00000000E+00
19  4-1.92131963E-01-1.88789894E+00 0.00000000E+00 0.00000000E+00-1.14203260E+00
19  5 7.57331617E-01 0.00000000E+00 0.00000000E+00 2.76259817E-01
20  1 7.69971178E-01 2.33014893E+00-5.81401004E-01 1.22723479E-02 0.00000000E+00
20  2 0.00000000E+00-2.13141433E+00 5.74433873E-02 1.22495755E-01 0.00000000E+00
20  3 0.00000000E+00-1.74639585E-01-1.12071003E+00 0.00000000E+00 0.00000000E+00
20  4-9.75109625E-01-2.11291898E+00 0.00000000E+00 0.00000000E+00-1.00574169E+00
20  5 5.38860409E-01 0.00000000E+00 0.00000000E+00 2.51256776E-01
21  1-0.00000000E+00-0.00000000E+00-0.00000000E+00-0.00000000E+00-4.62340761E-02
21  2-9.43144097E-08-0.00000000E+00-0.00000000E+00-0.00000000E+00-1.25570772E+00
21  3-2.56155942E-06-0.00000000E+00-0.00000000E+00 1.50437856E+00 3.06883124E-06
21  4-0.00000000E+00-0.00000000E+00-8.14581645E-01-1.66169186E-06-0.00000000E+00
21  5-0.00000000E+00 3.05049759E-01 6.22281032E-07-0.00000000E+00
22  1-0.00000000E+00-0.00000000E+00-0.00000000E+00-0.00000000E+00 9.43144112E-08
22  2-4.62340758E-02-0.00000000E+00-0.00000000E+00-0.00000000E+00 2.56155942E-06
22  3-1.25570772E+00-0.00000000E+00-0.00000000E+00-3.06883124E-06 1.50437856E+00
22  4-0.00000000E+00-0.00000000E+00 1.66169185E-06-8.14581651E-01-0.00000000E+00
22  5-0.00000000E+00-6.22281022E-07 3.05049764E-01-0.00000000E+00
23  1-5.15040951E-01 8.40131510E-02-6.79737747E-01 1.06216574E-01 0.00000000E+00
23  2 0.00000000E+00 5.39618385E-01-1.47342654E-02-2.92929081E-02 0.00000000E+00
23  3 0.00000000E+00-1.28260105E+00 2.89374151E-01 0.00000000E+00 0.00000000E+00
23  4 1.88247776E+00 2.85267480E-01 0.00000000E+00 0.00000000E+00-8.19816533E-01
23  5 3.64867418E-01 0.00000000E+00 0.00000000E+00 4.66473317E-01
24  1 2.68885195E-02 3.75499990E-02 1.25367440E-01 1.86894865E-02 0.00000000E+00
24  2 0.00000000E+00-7.82616184E-02-2.32578532E+00 2.39989812E+00 0.00000000E+00
24  3 0.00000000E+00 1.26864717E-02-2.44298872E-01 0.00000000E+00 0.00000000E+00
24  4-5.67296384E-02 1.75926289E-01 0.00000000E+00 0.00000000E+00 6.20835628E-03
24  5-2.17838274E-01 0.00000000E+00 0.00000000E+00-5.62929769E-02
 $END   
 POPULATION ANALYSIS
H            0.81738   0.18262   1.12650  -0.12650
F            9.18262  -0.18262   8.87350   0.12650
 MOMENTS AT POINT    1 X,Y,Z=  0.000000  0.000000 -0.629474
 DIPOLE       0.000000  0.000000  1.796349
